64   -0   91
0   -0   -94
-0   -0   -92
-0   -0   -94
1   -1   -94
0   -1   -94
1   -0   -94
0   -0   -92
0   -0   -94
0   -0   -94
0   -0   -92
0   -0   -93
1   -0   -94
0   -0   -95
0   -0   -93
0   -0   -93
0   -0   -92
1   -1   -93
1   -0   -94
0   -1   -93
0   -0   -94
1   -1   -92
0   -0   -94
0   -0   -92
0   -0   -95
1   -1   92
1   -1   -94
0   -0   -93
1   -0   -94
1   -1   -93
1   -0   -94
0   -1   -92
0   -0   -94
0   -0   -94
1   -1   -94
1   -0   94
0   -0   94
1   -0   -94
1   -0   -94
0   -1   -92
1   -1   -94
0   -1   -93
0   -0   -94
0   -0   -93
1   -0   -94
0   -1   -92
1   -0   -94
0   -0   -93
1   -0   -93
1   -0   94
1   -0   -93
0   -1   -94
0   -0   -93
-1   -0   -94
1   -0   -93
1   -0   -94
1   -0   -93
0   -0   -91
0   -1   -93
1   -1   -94
0   -0   -93
1   -0   -94
1   -0   -93
0   -1   -94
1   -0   -94
0   -0   -93
1   -0   -94
0   -1   -94
1   -0   -94
0   -0   -93
0   -0   -93
0   -0   94
0   -0   -93
1   -0   -94
1   -0   -93
1   -0   -94
1   -1   -92
1   -0   -94
0   -0   -93
1   -0   -94
1   -0   -93
1   -0   -94
1   -0   -93
0   -0   -94
0   -1   -94
0   -0   -93
0   -0   -94
0   -0   -92
1   -1   -93
0   -0   -92
1   -1   -94
1   -0   -94
0   -0   -94
0   -0   -93
1   -0   -94
1   -1   -94
0   -0   -94
1   -0   -94
0   -0   -91
0   -0   -95
0   -1   -92
